radix 111111111111111111111111111111111111111111111111111111111111111 111111111111111111111111111111111111111111111111111111111111111 111111 111111 1 1 11111 11111 11111 11111
vname T<[62:0]> T_b<[62:0]> W<[5:0]> W_b<[5:0]> EN WRITE DATA<[4:0]> DATA_b<[4:0]> OUT<[4:0]> OUT_EXP<[4:0]>
io iiiiiiiiiiiiiiiiiiiiiiiiiiiiiiiiiiiiiiiiiiiiiiiiiiiiiiiiiiiiiii iiiiiiiiiiiiiiiiiiiiiiiiiiiiiiiiiiiiiiiiiiiiiiiiiiiiiiiiiiiiiii iiiiii iiiiii i i iiiii iiiii ooooo iiiii
tunit ns
tdelay 2.5 000000000000000000000000000000000000000000000000000000000000000 000000000000000000000000000000000000000000000000000000000000000 000000 000000 0 0 00000 00000 11111 00000
slope 0.1
vih 1.2
vil 0.0
vth 0.6

  0 000000000000000000000000000000000000000000000000000000000000000 111111111111111111111111111111111111111111111111111111111111111 001110 110001 0 0 10010 01101 11111 11111
  5 000000000000000000000000000000000000000000000000000000000000000 111111111111111111111111111111111111111111111111111111111111111 001110 110001 1 1 10010 01101 10010 10010
 10 000000000000000000000000000000000000000000000000000000000000000 111111111111111111111111111111111111111111111111111111111111111 110100 001011 0 0 11110 00001 11111 11111
 15 000000000000000000000000000000000000000000000000000000000000000 111111111111111111111111111111111111111111111111111111111111111 110100 001011 1 1 11110 00001 11110 11110
 20 000000000000000000000000000000000000000000000000000000000000000 111111111111111111111111111111111111111111111111111111111111111 011101 100010 0 0 00001 11110 11111 11111
 25 000000000000000000000000000000000000000000000000000000000000000 111111111111111111111111111111111111111111111111111111111111111 011101 100010 1 1 00001 11110 00001 00001
 30 000000000001111111111111111111111111111111111111111111111111111 111111111110000000000000000000000000000000000000000000000000000 011101 100010 0 0 00001 11110 11111 11111
 35 000000000001111111111111111111111111111111111111111111111111111 111111111110000000000000000000000000000000000000000000000000000 011101 100010 1 0 00001 11110 11110 11110
 40 000000000000000000000000000000000011111111111111111111111111111 111111111111111111111111111111111100000000000000000000000000000 011101 100010 0 0 00001 11110 11111 11111
 45 000000000000000000000000000000000011111111111111111111111111111 111111111111111111111111111111111100000000000000000000000000000 011101 100010 1 0 00001 11110 00001 00001
 50 000000000000000000000000000000000000000000000000011111111111111 111111111111111111111111111111111111111111111111100000000000000 011101 100010 0 0 00001 11110 11111 11111
 55 000000000000000000000000000000000000000000000000011111111111111 111111111111111111111111111111111111111111111111100000000000000 011101 100010 1 0 00001 11110 10010 10010
 60 000000000000000000000000000000000000000000000000011111111111111 111111111111111111111111111111111111111111111111100000000000000 000000 111111 0 0 01010 10101 11111 11111
 65 000000000000000000000000000000000000000000000000011111111111111 111111111111111111111111111111111111111111111111100000000000000 000000 111111 1 1 01010 10101 01010 01010
 70 000000000000000000000000000000000000000000000000011111111111111 111111111111111111111111111111111111111111111111100000000000000 111111 000000 0 0 10100 01011 11111 11111
 75 000000000000000000000000000000000000000000000000011111111111111 111111111111111111111111111111111111111111111111100000000000000 111111 000000 1 1 10100 01011 10100 10100
 80 111111111111111111111111111111111111111111111111111111111111111 000000000000000000000000000000000000000000000000000000000000000 111111 000000 0 0 10100 01011 11111 11111
 85 111111111111111111111111111111111111111111111111111111111111111 000000000000000000000000000000000000000000000000000000000000000 111111 000000 1 0 10100 01011 10100 10100
 90 000000000000000000000000000000000000000000000000000000000000000 111111111111111111111111111111111111111111111111111111111111111 111111 000000 0 0 10100 01011 11111 11111
 95 000000000000000000000000000000000000000000000000000000000000000 111111111111111111111111111111111111111111111111111111111111111 111111 000000 1 0 10100 01011 01010 01010
100 000000000000000000000000000000000000000000000000011111111111111 111111111111111111111111111111111111111111111111100000000000000 111111 000000 0 0 10100 01011 11111 11111
105 000000000000000000000000000000000000000000000000011111111111111 111111111111111111111111111111111111111111111111100000000000000 111111 000000 1 0 10100 01011 10010 10010
110 111111111111111111111111111111111111111111111111111111111111111 000000000000000000000000000000000000000000000000000000000000000 111111 000000 0 0 10100 01011 11111 11111
115 111111111111111111111111111111111111111111111111111111111111111 000000000000000000000000000000000000000000000000000000000000000 111111 000000 1 0 10100 01011 10100 10100
120 000000000001111111111111111111111111111111111111111111111111111 111111111110000000000000000000000000000000000000000000000000000 111111 000000 0 0 10100 01011 11111 11111
125 000000000001111111111111111111111111111111111111111111111111111 111111111110000000000000000000000000000000000000000000000000000 111111 000000 1 0 10100 01011 11110 11110
130 111111111111111111111111111111111111111111111111111111111111111 000000000000000000000000000000000000000000000000000000000000000 111111 000000 0 0 10100 01011 11111 11111
135 111111111111111111111111111111111111111111111111111111111111111 000000000000000000000000000000000000000000000000000000000000000 111111 000000 1 0 10100 01011 10100 10100
140 000000000000000000000000000000000011111111111111111111111111111 111111111111111111111111111111111100000000000000000000000000000 111111 000000 0 0 10100 01011 11111 11111
145 000000000000000000000000000000000011111111111111111111111111111 111111111111111111111111111111111100000000000000000000000000000 111111 000000 1 0 10100 01011 00001 00001
150 000000000000000000000000000000000000000000000000011111111111111 111111111111111111111111111111111111111111111111100000000000000 111111 000000 0 0 10100 01011 11111 11111
155 000000000000000000000000000000000000000000000000011111111111111 111111111111111111111111111111111111111111111111100000000000000 111111 000000 1 0 10100 01011 10010 10010
160 000000000000000000000000000000000000000000000000011111111111111 111111111111111111111111111111111111111111111111100000000000000 001110 110001 0 0 01101 10010 11111 11111
165 000000000000000000000000000000000000000000000000011111111111111 111111111111111111111111111111111111111111111111100000000000000 001110 110001 1 1 01101 10010 01101 01101
170 000000000001111111111111111111111111111111111111111111111111111 111111111110000000000000000000000000000000000000000000000000000 001110 110001 0 0 01101 10010 11111 11111
175 000000000001111111111111111111111111111111111111111111111111111 111111111110000000000000000000000000000000000000000000000000000 001110 110001 1 0 01101 10010 11110 11110
180 000000000000000000000000000000000000000000000000011111111111111 111111111111111111111111111111111111111111111111100000000000000 001110 110001 0 0 01101 10010 11111 11111
185 000000000000000000000000000000000000000000000000011111111111111 111111111111111111111111111111111111111111111111100000000000000 001110 110001 1 0 01101 10010 01101 01101
190 000000000000000000000000000000000000000000000000000000000000000 111111111111111111111111111111111111111111111111111111111111111 001110 110001 0 0 01101 10010 11111 11111
195 000000000000000000000000000000000000000000000000000000000000000 111111111111111111111111111111111111111111111111111111111111111 001110 110001 1 0 01101 10010 01010 01010
