radix 1111111111111111 11 11 11 11 1 1 1 1 11 11 11 11 11111111 11111111 1 1
vname l<[15:0]> ina<[5:4]> inb<[5:4]> inc<[5:4]> ind<[5:4]> ax bx cx cin asout<[1:0]> bsout<[1:0]> csout<[1:0]> dsout<[1:0]> out<[7:0]> out_exp<[7:0]> cout cout_exp
io iiiiiiiiiiiiiiii ii ii ii ii i i i i ii ii ii ii oooooooo iiiiiiii o i
tunit ns
tdelay 2 0000000000000000 00 00 00 00 0 0 0 0 00 00 00 00 11111111 00000000 1 0
slope 0.01
vih 1.2
vil 0.0
vth 0.6
vil 0.0

0000.0 1100010110000001 00 00 00 00 0 0 0 0 00 00 00 00 00110011 00110011 0 0
0003.0 1100010110000001 01 00 00 00 0 0 0 0 00 00 00 00 00110000 00110000 0 0
0006.0 1100010110000001 10 00 00 00 0 0 0 0 00 00 00 00 00110001 00110001 1 1
0009.0 1100010110000001 11 00 00 00 0 0 0 0 00 00 00 00 00110000 00110000 0 0
0012.0 1100010110000001 00 01 00 00 0 0 0 0 00 00 00 00 00110011 00110011 0 0
0015.0 1100010110000001 01 01 00 00 0 0 0 0 00 00 00 00 00110000 00110000 0 0
0018.0 1100010110000001 10 01 00 00 0 0 0 0 00 00 00 00 00110001 00110001 1 1
0021.0 1100010110000001 11 01 00 00 0 0 0 0 00 00 00 00 00110000 00110000 0 0
0024.0 1100010110000001 00 10 00 00 0 0 0 0 00 00 00 00 00110011 00110011 0 0
0027.0 1100010110000001 01 10 00 00 0 0 0 0 00 00 00 00 00110000 00110000 0 0
0030.0 1100010110000001 10 10 00 00 0 0 0 0 00 00 00 00 00110001 00110001 1 1
0033.0 1100010110000001 11 10 00 00 0 0 0 0 00 00 00 00 00110000 00110000 0 0
0036.0 1100010110000001 00 11 00 00 0 0 0 0 00 00 00 00 00111011 00111011 0 0
0039.0 1100010110000001 01 11 00 00 0 0 0 0 00 00 00 00 00111000 00111000 0 0
0042.0 1100010110000001 10 11 00 00 0 0 0 0 00 00 00 00 00111001 00111001 1 1
0045.0 1100010110000001 11 11 00 00 0 0 0 0 00 00 00 00 00111000 00111000 0 0
0048.0 1100010110000001 00 00 01 00 0 0 0 0 00 00 00 00 00000011 00000011 0 0
0051.0 1100010110000001 01 00 01 00 0 0 0 0 00 00 00 00 00000000 00000000 0 0
0054.0 1100010110000001 10 00 01 00 0 0 0 0 00 00 00 00 00000001 00000001 1 1
0057.0 1100010110000001 11 00 01 00 0 0 0 0 00 00 00 00 00000000 00000000 0 0
0060.0 1100010110000001 00 01 01 00 0 0 0 0 00 00 00 00 00000011 00000011 0 0
0063.0 1100010110000001 01 01 01 00 0 0 0 0 00 00 00 00 00000000 00000000 0 0
0066.0 1100010110000001 10 01 01 00 0 0 0 0 00 00 00 00 00000001 00000001 1 1
0069.0 1100010110000001 11 01 01 00 0 0 0 0 00 00 00 00 00000000 00000000 0 0
0072.0 1100010110000001 00 10 01 00 0 0 0 0 00 00 00 00 00000011 00000011 0 0
0075.0 1100010110000001 01 10 01 00 0 0 0 0 00 00 00 00 00000000 00000000 0 0
0078.0 1100010110000001 10 10 01 00 0 0 0 0 00 00 00 00 00000001 00000001 1 1
0081.0 1100010110000001 11 10 01 00 0 0 0 0 00 00 00 00 00000000 00000000 0 0
0084.0 1100010110000001 00 11 01 00 0 0 0 0 00 00 00 00 00001011 00001011 0 0
0087.0 1100010110000001 01 11 01 00 0 0 0 0 00 00 00 00 00001000 00001000 0 0
0090.0 1100010110000001 10 11 01 00 0 0 0 0 00 00 00 00 00001001 00001001 1 1
0093.0 1100010110000001 11 11 01 00 0 0 0 0 00 00 00 00 00001000 00001000 0 0
0096.0 1100010110000001 00 00 10 00 0 0 0 0 00 00 00 00 00110011 00110011 0 0
0099.0 1100010110000001 01 00 10 00 0 0 0 0 00 00 00 00 00110000 00110000 0 0
0102.0 1100010110000001 10 00 10 00 0 0 0 0 00 00 00 00 00110001 00110001 1 1
0105.0 1100010110000001 11 00 10 00 0 0 0 0 00 00 00 00 00110000 00110000 0 0
0108.0 1100010110000001 00 01 10 00 0 0 0 0 00 00 00 00 00110011 00110011 0 0
0111.0 1100010110000001 01 01 10 00 0 0 0 0 00 00 00 00 00110000 00110000 0 0
0114.0 1100010110000001 10 01 10 00 0 0 0 0 00 00 00 00 00110001 00110001 1 1
0117.0 1100010110000001 11 01 10 00 0 0 0 0 00 00 00 00 00110000 00110000 0 0
0120.0 1100010110000001 00 10 10 00 0 0 0 0 00 00 00 00 00110011 00110011 0 0
0123.0 1100010110000001 01 10 10 00 0 0 0 0 00 00 00 00 00110000 00110000 0 0
0126.0 1100010110000001 10 10 10 00 0 0 0 0 00 00 00 00 00110001 00110001 1 1
0129.0 1100010110000001 11 10 10 00 0 0 0 0 00 00 00 00 00110000 00110000 0 0
0132.0 1100010110000001 00 11 10 00 0 0 0 0 00 00 00 00 00111011 00111011 0 0
0135.0 1100010110000001 01 11 10 00 0 0 0 0 00 00 00 00 00111000 00111000 0 0
0138.0 1100010110000001 10 11 10 00 0 0 0 0 00 00 00 00 00111001 00111001 1 1
0141.0 1100010110000001 11 11 10 00 0 0 0 0 00 00 00 00 00111000 00111000 0 0
0144.0 1100010110000001 00 00 11 00 0 0 0 0 00 00 00 00 00000011 00000011 0 0
0147.0 1100010110000001 01 00 11 00 0 0 0 0 00 00 00 00 00000000 00000000 0 0
0150.0 1100010110000001 10 00 11 00 0 0 0 0 00 00 00 00 00000001 00000001 1 1
0153.0 1100010110000001 11 00 11 00 0 0 0 0 00 00 00 00 00000000 00000000 0 0
0156.0 1100010110000001 00 01 11 00 0 0 0 0 00 00 00 00 00000011 00000011 0 0
0159.0 1100010110000001 01 01 11 00 0 0 0 0 00 00 00 00 00000000 00000000 0 0
0162.0 1100010110000001 10 01 11 00 0 0 0 0 00 00 00 00 00000001 00000001 1 1
0165.0 1100010110000001 11 01 11 00 0 0 0 0 00 00 00 00 00000000 00000000 0 0
0168.0 1100010110000001 00 10 11 00 0 0 0 0 00 00 00 00 00000011 00000011 0 0
0171.0 1100010110000001 01 10 11 00 0 0 0 0 00 00 00 00 00000000 00000000 0 0
0174.0 1100010110000001 10 10 11 00 0 0 0 0 00 00 00 00 00000001 00000001 1 1
0177.0 1100010110000001 11 10 11 00 0 0 0 0 00 00 00 00 00000000 00000000 0 0
0180.0 1100010110000001 00 11 11 00 0 0 0 0 00 00 00 00 00001011 00001011 0 0
0183.0 1100010110000001 01 11 11 00 0 0 0 0 00 00 00 00 00001000 00001000 0 0
0186.0 1100010110000001 10 11 11 00 0 0 0 0 00 00 00 00 00001001 00001001 1 1
0189.0 1100010110000001 11 11 11 00 0 0 0 0 00 00 00 00 00001000 00001000 0 0
0192.0 1100010110000001 00 00 00 01 0 0 0 0 00 00 00 00 00110011 00110011 0 0
0195.0 1100010110000001 01 00 00 01 0 0 0 0 00 00 00 00 00110000 00110000 0 0
0198.0 1100010110000001 10 00 00 01 0 0 0 0 00 00 00 00 00110001 00110001 1 1
0201.0 1100010110000001 11 00 00 01 0 0 0 0 00 00 00 00 00110000 00110000 0 0
0204.0 1100010110000001 00 01 00 01 0 0 0 0 00 00 00 00 00110011 00110011 0 0
0207.0 1100010110000001 01 01 00 01 0 0 0 0 00 00 00 00 00110000 00110000 0 0
0210.0 1100010110000001 10 01 00 01 0 0 0 0 00 00 00 00 00110001 00110001 1 1
0213.0 1100010110000001 11 01 00 01 0 0 0 0 00 00 00 00 00110000 00110000 0 0
0216.0 1100010110000001 00 10 00 01 0 0 0 0 00 00 00 00 00110011 00110011 0 0
0219.0 1100010110000001 01 10 00 01 0 0 0 0 00 00 00 00 00110000 00110000 0 0
0222.0 1100010110000001 10 10 00 01 0 0 0 0 00 00 00 00 00110001 00110001 1 1
0225.0 1100010110000001 11 10 00 01 0 0 0 0 00 00 00 00 00110000 00110000 0 0
0228.0 1100010110000001 00 11 00 01 0 0 0 0 00 00 00 00 00111011 00111011 0 0
0231.0 1100010110000001 01 11 00 01 0 0 0 0 00 00 00 00 00111000 00111000 0 0
0234.0 1100010110000001 10 11 00 01 0 0 0 0 00 00 00 00 00111001 00111001 1 1
0237.0 1100010110000001 11 11 00 01 0 0 0 0 00 00 00 00 00111000 00111000 0 0
0240.0 1100010110000001 00 00 01 01 0 0 0 0 00 00 00 00 00000011 00000011 0 0
0243.0 1100010110000001 01 00 01 01 0 0 0 0 00 00 00 00 00000000 00000000 0 0
0246.0 1100010110000001 10 00 01 01 0 0 0 0 00 00 00 00 00000001 00000001 1 1
0249.0 1100010110000001 11 00 01 01 0 0 0 0 00 00 00 00 00000000 00000000 0 0
0252.0 1100010110000001 00 01 01 01 0 0 0 0 00 00 00 00 00000011 00000011 0 0
0255.0 1100010110000001 01 01 01 01 0 0 0 0 00 00 00 00 00000000 00000000 0 0
0258.0 1100010110000001 10 01 01 01 0 0 0 0 00 00 00 00 00000001 00000001 1 1
0261.0 1100010110000001 11 01 01 01 0 0 0 0 00 00 00 00 00000000 00000000 0 0
0264.0 1100010110000001 00 10 01 01 0 0 0 0 00 00 00 00 00000011 00000011 0 0
0267.0 1100010110000001 01 10 01 01 0 0 0 0 00 00 00 00 00000000 00000000 0 0
0270.0 1100010110000001 10 10 01 01 0 0 0 0 00 00 00 00 00000001 00000001 1 1
0273.0 1100010110000001 11 10 01 01 0 0 0 0 00 00 00 00 00000000 00000000 0 0
0276.0 1100010110000001 00 11 01 01 0 0 0 0 00 00 00 00 00001011 00001011 0 0
0279.0 1100010110000001 01 11 01 01 0 0 0 0 00 00 00 00 00001000 00001000 0 0
0282.0 1100010110000001 10 11 01 01 0 0 0 0 00 00 00 00 00001001 00001001 1 1
0285.0 1100010110000001 11 11 01 01 0 0 0 0 00 00 00 00 00001000 00001000 0 0
0288.0 1100010110000001 00 00 10 01 0 0 0 0 00 00 00 00 00110011 00110011 0 0
0291.0 1100010110000001 01 00 10 01 0 0 0 0 00 00 00 00 00110000 00110000 0 0
0294.0 1100010110000001 10 00 10 01 0 0 0 0 00 00 00 00 00110001 00110001 1 1
0297.0 1100010110000001 11 00 10 01 0 0 0 0 00 00 00 00 00110000 00110000 0 0
0300.0 1100010110000001 00 01 10 01 0 0 0 0 00 00 00 00 00110011 00110011 0 0
0303.0 1100010110000001 01 01 10 01 0 0 0 0 00 00 00 00 00110000 00110000 0 0
0306.0 1100010110000001 10 01 10 01 0 0 0 0 00 00 00 00 00110001 00110001 1 1
0309.0 1100010110000001 11 01 10 01 0 0 0 0 00 00 00 00 00110000 00110000 0 0
0312.0 1100010110000001 00 10 10 01 0 0 0 0 00 00 00 00 00110011 00110011 0 0
0315.0 1100010110000001 01 10 10 01 0 0 0 0 00 00 00 00 00110000 00110000 0 0
0318.0 1100010110000001 10 10 10 01 0 0 0 0 00 00 00 00 00110001 00110001 1 1
0321.0 1100010110000001 11 10 10 01 0 0 0 0 00 00 00 00 00110000 00110000 0 0
0324.0 1100010110000001 00 11 10 01 0 0 0 0 00 00 00 00 00111011 00111011 0 0
0327.0 1100010110000001 01 11 10 01 0 0 0 0 00 00 00 00 00111000 00111000 0 0
0330.0 1100010110000001 10 11 10 01 0 0 0 0 00 00 00 00 00111001 00111001 1 1
0333.0 1100010110000001 11 11 10 01 0 0 0 0 00 00 00 00 00111000 00111000 0 0
0336.0 1100010110000001 00 00 11 01 0 0 0 0 00 00 00 00 00000011 00000011 0 0
0339.0 1100010110000001 01 00 11 01 0 0 0 0 00 00 00 00 00000000 00000000 0 0
0342.0 1100010110000001 10 00 11 01 0 0 0 0 00 00 00 00 00000001 00000001 1 1
0345.0 1100010110000001 11 00 11 01 0 0 0 0 00 00 00 00 00000000 00000000 0 0
0348.0 1100010110000001 00 01 11 01 0 0 0 0 00 00 00 00 00000011 00000011 0 0
0351.0 1100010110000001 01 01 11 01 0 0 0 0 00 00 00 00 00000000 00000000 0 0
0354.0 1100010110000001 10 01 11 01 0 0 0 0 00 00 00 00 00000001 00000001 1 1
0357.0 1100010110000001 11 01 11 01 0 0 0 0 00 00 00 00 00000000 00000000 0 0
0360.0 1100010110000001 00 10 11 01 0 0 0 0 00 00 00 00 00000011 00000011 0 0
0363.0 1100010110000001 01 10 11 01 0 0 0 0 00 00 00 00 00000000 00000000 0 0
0366.0 1100010110000001 10 10 11 01 0 0 0 0 00 00 00 00 00000001 00000001 1 1
0369.0 1100010110000001 11 10 11 01 0 0 0 0 00 00 00 00 00000000 00000000 0 0
0372.0 1100010110000001 00 11 11 01 0 0 0 0 00 00 00 00 00001011 00001011 0 0
0375.0 1100010110000001 01 11 11 01 0 0 0 0 00 00 00 00 00001000 00001000 0 0
0378.0 1100010110000001 10 11 11 01 0 0 0 0 00 00 00 00 00001001 00001001 1 1
0381.0 1100010110000001 11 11 11 01 0 0 0 0 00 00 00 00 00001000 00001000 0 0
0384.0 1100010110000001 00 00 00 10 0 0 0 0 00 00 00 00 10110011 10110011 0 0
0387.0 1100010110000001 01 00 00 10 0 0 0 0 00 00 00 00 10110000 10110000 0 0
0390.0 1100010110000001 10 00 00 10 0 0 0 0 00 00 00 00 10110001 10110001 1 1
0393.0 1100010110000001 11 00 00 10 0 0 0 0 00 00 00 00 10110000 10110000 0 0
0396.0 1100010110000001 00 01 00 10 0 0 0 0 00 00 00 00 10110011 10110011 0 0
0399.0 1100010110000001 01 01 00 10 0 0 0 0 00 00 00 00 10110000 10110000 0 0
0402.0 1100010110000001 10 01 00 10 0 0 0 0 00 00 00 00 10110001 10110001 1 1
0405.0 1100010110000001 11 01 00 10 0 0 0 0 00 00 00 00 10110000 10110000 0 0
0408.0 1100010110000001 00 10 00 10 0 0 0 0 00 00 00 00 10110011 10110011 0 0
0411.0 1100010110000001 01 10 00 10 0 0 0 0 00 00 00 00 10110000 10110000 0 0
0414.0 1100010110000001 10 10 00 10 0 0 0 0 00 00 00 00 10110001 10110001 1 1
0417.0 1100010110000001 11 10 00 10 0 0 0 0 00 00 00 00 10110000 10110000 0 0
0420.0 1100010110000001 00 11 00 10 0 0 0 0 00 00 00 00 10111011 10111011 0 0
0423.0 1100010110000001 01 11 00 10 0 0 0 0 00 00 00 00 10111000 10111000 0 0
0426.0 1100010110000001 10 11 00 10 0 0 0 0 00 00 00 00 10111001 10111001 1 1
0429.0 1100010110000001 11 11 00 10 0 0 0 0 00 00 00 00 10111000 10111000 0 0
0432.0 1100010110000001 00 00 01 10 0 0 0 0 00 00 00 00 10000011 10000011 0 0
0435.0 1100010110000001 01 00 01 10 0 0 0 0 00 00 00 00 10000000 10000000 0 0
0438.0 1100010110000001 10 00 01 10 0 0 0 0 00 00 00 00 10000001 10000001 1 1
0441.0 1100010110000001 11 00 01 10 0 0 0 0 00 00 00 00 10000000 10000000 0 0
0444.0 1100010110000001 00 01 01 10 0 0 0 0 00 00 00 00 10000011 10000011 0 0
0447.0 1100010110000001 01 01 01 10 0 0 0 0 00 00 00 00 10000000 10000000 0 0
0450.0 1100010110000001 10 01 01 10 0 0 0 0 00 00 00 00 10000001 10000001 1 1
0453.0 1100010110000001 11 01 01 10 0 0 0 0 00 00 00 00 10000000 10000000 0 0
0456.0 1100010110000001 00 10 01 10 0 0 0 0 00 00 00 00 10000011 10000011 0 0
0459.0 1100010110000001 01 10 01 10 0 0 0 0 00 00 00 00 10000000 10000000 0 0
0462.0 1100010110000001 10 10 01 10 0 0 0 0 00 00 00 00 10000001 10000001 1 1
0465.0 1100010110000001 11 10 01 10 0 0 0 0 00 00 00 00 10000000 10000000 0 0
0468.0 1100010110000001 00 11 01 10 0 0 0 0 00 00 00 00 10001011 10001011 0 0
0471.0 1100010110000001 01 11 01 10 0 0 0 0 00 00 00 00 10001000 10001000 0 0
0474.0 1100010110000001 10 11 01 10 0 0 0 0 00 00 00 00 10001001 10001001 1 1
0477.0 1100010110000001 11 11 01 10 0 0 0 0 00 00 00 00 10001000 10001000 0 0
0480.0 1100010110000001 00 00 10 10 0 0 0 0 00 00 00 00 10110011 10110011 0 0
0483.0 1100010110000001 01 00 10 10 0 0 0 0 00 00 00 00 10110000 10110000 0 0
0486.0 1100010110000001 10 00 10 10 0 0 0 0 00 00 00 00 10110001 10110001 1 1
0489.0 1100010110000001 11 00 10 10 0 0 0 0 00 00 00 00 10110000 10110000 0 0
0492.0 1100010110000001 00 01 10 10 0 0 0 0 00 00 00 00 10110011 10110011 0 0
0495.0 1100010110000001 01 01 10 10 0 0 0 0 00 00 00 00 10110000 10110000 0 0
0498.0 1100010110000001 10 01 10 10 0 0 0 0 00 00 00 00 10110001 10110001 1 1
0501.0 1100010110000001 11 01 10 10 0 0 0 0 00 00 00 00 10110000 10110000 0 0
0504.0 1100010110000001 00 10 10 10 0 0 0 0 00 00 00 00 10110011 10110011 0 0
0507.0 1100010110000001 01 10 10 10 0 0 0 0 00 00 00 00 10110000 10110000 0 0
0510.0 1100010110000001 10 10 10 10 0 0 0 0 00 00 00 00 10110001 10110001 1 1
0513.0 1100010110000001 11 10 10 10 0 0 0 0 00 00 00 00 10110000 10110000 0 0
0516.0 1100010110000001 00 11 10 10 0 0 0 0 00 00 00 00 10111011 10111011 0 0
0519.0 1100010110000001 01 11 10 10 0 0 0 0 00 00 00 00 10111000 10111000 0 0
0522.0 1100010110000001 10 11 10 10 0 0 0 0 00 00 00 00 10111001 10111001 1 1
0525.0 1100010110000001 11 11 10 10 0 0 0 0 00 00 00 00 10111000 10111000 0 0
0528.0 1100010110000001 00 00 11 10 0 0 0 0 00 00 00 00 10000011 10000011 0 0
0531.0 1100010110000001 01 00 11 10 0 0 0 0 00 00 00 00 10000000 10000000 0 0
0534.0 1100010110000001 10 00 11 10 0 0 0 0 00 00 00 00 10000001 10000001 1 1
0537.0 1100010110000001 11 00 11 10 0 0 0 0 00 00 00 00 10000000 10000000 0 0
0540.0 1100010110000001 00 01 11 10 0 0 0 0 00 00 00 00 10000011 10000011 0 0
0543.0 1100010110000001 01 01 11 10 0 0 0 0 00 00 00 00 10000000 10000000 0 0
0546.0 1100010110000001 10 01 11 10 0 0 0 0 00 00 00 00 10000001 10000001 1 1
0549.0 1100010110000001 11 01 11 10 0 0 0 0 00 00 00 00 10000000 10000000 0 0
0552.0 1100010110000001 00 10 11 10 0 0 0 0 00 00 00 00 10000011 10000011 0 0
0555.0 1100010110000001 01 10 11 10 0 0 0 0 00 00 00 00 10000000 10000000 0 0
0558.0 1100010110000001 10 10 11 10 0 0 0 0 00 00 00 00 10000001 10000001 1 1
0561.0 1100010110000001 11 10 11 10 0 0 0 0 00 00 00 00 10000000 10000000 0 0
0564.0 1100010110000001 00 11 11 10 0 0 0 0 00 00 00 00 10001011 10001011 0 0
0567.0 1100010110000001 01 11 11 10 0 0 0 0 00 00 00 00 10001000 10001000 0 0
0570.0 1100010110000001 10 11 11 10 0 0 0 0 00 00 00 00 10001001 10001001 1 1
0573.0 1100010110000001 11 11 11 10 0 0 0 0 00 00 00 00 10001000 10001000 0 0
0576.0 1100010110000001 00 00 00 11 0 0 0 0 00 00 00 00 10110011 10110011 0 0
0579.0 1100010110000001 01 00 00 11 0 0 0 0 00 00 00 00 10110000 10110000 0 0
0582.0 1100010110000001 10 00 00 11 0 0 0 0 00 00 00 00 10110001 10110001 1 1
0585.0 1100010110000001 11 00 00 11 0 0 0 0 00 00 00 00 10110000 10110000 0 0
0588.0 1100010110000001 00 01 00 11 0 0 0 0 00 00 00 00 10110011 10110011 0 0
0591.0 1100010110000001 01 01 00 11 0 0 0 0 00 00 00 00 10110000 10110000 0 0
0594.0 1100010110000001 10 01 00 11 0 0 0 0 00 00 00 00 10110001 10110001 1 1
0597.0 1100010110000001 11 01 00 11 0 0 0 0 00 00 00 00 10110000 10110000 0 0
0600.0 1100010110000001 00 10 00 11 0 0 0 0 00 00 00 00 10110011 10110011 0 0
0603.0 1100010110000001 01 10 00 11 0 0 0 0 00 00 00 00 10110000 10110000 0 0
0606.0 1100010110000001 10 10 00 11 0 0 0 0 00 00 00 00 10110001 10110001 1 1
0609.0 1100010110000001 11 10 00 11 0 0 0 0 00 00 00 00 10110000 10110000 0 0
0612.0 1100010110000001 00 11 00 11 0 0 0 0 00 00 00 00 10111011 10111011 0 0
0615.0 1100010110000001 01 11 00 11 0 0 0 0 00 00 00 00 10111000 10111000 0 0
0618.0 1100010110000001 10 11 00 11 0 0 0 0 00 00 00 00 10111001 10111001 1 1
0621.0 1100010110000001 11 11 00 11 0 0 0 0 00 00 00 00 10111000 10111000 0 0
0624.0 1100010110000001 00 00 01 11 0 0 0 0 00 00 00 00 10000011 10000011 0 0
0627.0 1100010110000001 01 00 01 11 0 0 0 0 00 00 00 00 10000000 10000000 0 0
0630.0 1100010110000001 10 00 01 11 0 0 0 0 00 00 00 00 10000001 10000001 1 1
0633.0 1100010110000001 11 00 01 11 0 0 0 0 00 00 00 00 10000000 10000000 0 0
0636.0 1100010110000001 00 01 01 11 0 0 0 0 00 00 00 00 10000011 10000011 0 0
0639.0 1100010110000001 01 01 01 11 0 0 0 0 00 00 00 00 10000000 10000000 0 0
0642.0 1100010110000001 10 01 01 11 0 0 0 0 00 00 00 00 10000001 10000001 1 1
0645.0 1100010110000001 11 01 01 11 0 0 0 0 00 00 00 00 10000000 10000000 0 0
0648.0 1100010110000001 00 10 01 11 0 0 0 0 00 00 00 00 10000011 10000011 0 0
0651.0 1100010110000001 01 10 01 11 0 0 0 0 00 00 00 00 10000000 10000000 0 0
0654.0 1100010110000001 10 10 01 11 0 0 0 0 00 00 00 00 10000001 10000001 1 1
0657.0 1100010110000001 11 10 01 11 0 0 0 0 00 00 00 00 10000000 10000000 0 0
0660.0 1100010110000001 00 11 01 11 0 0 0 0 00 00 00 00 10001011 10001011 0 0
0663.0 1100010110000001 01 11 01 11 0 0 0 0 00 00 00 00 10001000 10001000 0 0
0666.0 1100010110000001 10 11 01 11 0 0 0 0 00 00 00 00 10001001 10001001 1 1
0669.0 1100010110000001 11 11 01 11 0 0 0 0 00 00 00 00 10001000 10001000 0 0
0672.0 1100010110000001 00 00 10 11 0 0 0 0 00 00 00 00 10110011 10110011 0 0
0675.0 1100010110000001 01 00 10 11 0 0 0 0 00 00 00 00 10110000 10110000 0 0
0678.0 1100010110000001 10 00 10 11 0 0 0 0 00 00 00 00 10110001 10110001 1 1
0681.0 1100010110000001 11 00 10 11 0 0 0 0 00 00 00 00 10110000 10110000 0 0
0684.0 1100010110000001 00 01 10 11 0 0 0 0 00 00 00 00 10110011 10110011 0 0
0687.0 1100010110000001 01 01 10 11 0 0 0 0 00 00 00 00 10110000 10110000 0 0
0690.0 1100010110000001 10 01 10 11 0 0 0 0 00 00 00 00 10110001 10110001 1 1
0693.0 1100010110000001 11 01 10 11 0 0 0 0 00 00 00 00 10110000 10110000 0 0
0696.0 1100010110000001 00 10 10 11 0 0 0 0 00 00 00 00 10110011 10110011 0 0
0699.0 1100010110000001 01 10 10 11 0 0 0 0 00 00 00 00 10110000 10110000 0 0
0702.0 1100010110000001 10 10 10 11 0 0 0 0 00 00 00 00 10110001 10110001 1 1
0705.0 1100010110000001 11 10 10 11 0 0 0 0 00 00 00 00 10110000 10110000 0 0
0708.0 1100010110000001 00 11 10 11 0 0 0 0 00 00 00 00 10111011 10111011 0 0
0711.0 1100010110000001 01 11 10 11 0 0 0 0 00 00 00 00 10111000 10111000 0 0
0714.0 1100010110000001 10 11 10 11 0 0 0 0 00 00 00 00 10111001 10111001 1 1
0717.0 1100010110000001 11 11 10 11 0 0 0 0 00 00 00 00 10111000 10111000 0 0
0720.0 1100010110000001 00 00 11 11 0 0 0 0 00 00 00 00 10000011 10000011 0 0
0723.0 1100010110000001 01 00 11 11 0 0 0 0 00 00 00 00 10000000 10000000 0 0
0726.0 1100010110000001 10 00 11 11 0 0 0 0 00 00 00 00 10000001 10000001 1 1
0729.0 1100010110000001 11 00 11 11 0 0 0 0 00 00 00 00 10000000 10000000 0 0
0732.0 1100010110000001 00 01 11 11 0 0 0 0 00 00 00 00 10000011 10000011 0 0
0735.0 1100010110000001 01 01 11 11 0 0 0 0 00 00 00 00 10000000 10000000 0 0
0738.0 1100010110000001 10 01 11 11 0 0 0 0 00 00 00 00 10000001 10000001 1 1
0741.0 1100010110000001 11 01 11 11 0 0 0 0 00 00 00 00 10000000 10000000 0 0
0744.0 1100010110000001 00 10 11 11 0 0 0 0 00 00 00 00 10000011 10000011 0 0
0747.0 1100010110000001 01 10 11 11 0 0 0 0 00 00 00 00 10000000 10000000 0 0
0750.0 1100010110000001 10 10 11 11 0 0 0 0 00 00 00 00 10000001 10000001 1 1
0753.0 1100010110000001 11 10 11 11 0 0 0 0 00 00 00 00 10000000 10000000 0 0
0756.0 1100010110000001 00 11 11 11 0 0 0 0 00 00 00 00 10001011 10001011 0 0
0759.0 1100010110000001 01 11 11 11 0 0 0 0 00 00 00 00 10001000 10001000 0 0
0762.0 1100010110000001 10 11 11 11 0 0 0 0 00 00 00 00 10001001 10001001 1 1
0765.0 1100010110000001 11 11 11 11 0 0 0 0 00 00 00 00 10001000 10001000 0 0
0768.0 1100010110000001 00 00 00 00 0 0 0 0 00 01 01 01 01110111 01110111 0 0
0771.0 1100010110000001 00 00 00 00 1 0 0 0 00 01 01 01 01100011 01100011 0 0
0774.0 1100010110000001 00 00 00 00 0 1 0 0 00 01 01 01 00110111 00110111 0 0
0777.0 1100010110000001 00 00 00 00 1 1 0 0 00 01 01 01 00100011 00100011 0 0
0780.0 1100010110000001 00 00 00 00 0 0 0 0 00 01 01 01 01110111 01110111 0 0
0783.0 1100010110000001 00 00 00 00 1 1 0 0 00 01 01 01 00100011 00100011 0 0
0786.0 1100010110000001 00 00 00 00 0 0 1 0 00 01 01 01 01110111 01110111 0 0
0789.0 1100010110000001 00 00 00 00 1 1 1 0 00 01 01 01 00100011 00100011 0 0
0792.0 0000000000000000 10 10 10 10 0 0 0 0 10 10 10 10 00000000 00000000 0 0
0795.0 0000000000000000 10 10 10 10 0 0 0 0 11 11 11 11 00000000 00000000 0 0
0798.0 0001000000000000 10 10 10 10 0 0 0 0 10 10 10 10 00010000 00010000 0 0
0801.0 0001000000000000 10 10 10 10 0 0 0 0 11 11 11 11 01000000 01000000 0 0
0804.0 0100000000000000 10 10 10 10 0 0 0 0 10 10 10 10 11000000 11000000 0 0
0807.0 0100000000000000 10 10 10 10 0 0 0 0 11 11 11 11 10000000 10000000 0 0
0810.0 0000000100000000 10 10 10 10 0 0 0 0 10 10 10 10 00000100 00000100 0 0
0813.0 0000000100000000 10 10 10 10 0 0 0 0 11 11 11 11 00010000 00010000 0 0
0816.0 0001000100000000 10 10 10 10 0 0 0 0 10 10 10 10 00010100 00010100 0 0
0819.0 0001000100000000 10 10 10 10 0 0 0 0 11 11 11 11 01010000 01010000 0 0
0822.0 0100000100000000 10 10 10 10 0 0 0 0 10 10 10 10 11000100 11000100 0 0
0825.0 0100000100000000 10 10 10 10 0 0 0 0 11 11 11 11 10010000 10010000 0 0
0828.0 0000010000000000 10 10 10 10 0 0 0 0 10 10 10 10 00110000 00110000 0 0
0831.0 0000010000000000 10 10 10 10 0 0 0 0 11 11 11 11 00100000 00100000 0 0
0834.0 0001010000000000 10 10 10 10 0 0 0 0 10 10 10 10 00100100 00100100 0 0
0837.0 0001010000000000 10 10 10 10 0 0 0 0 11 11 11 11 01110000 01110000 0 0
0840.0 0100010000000000 10 10 10 10 0 0 0 0 10 10 10 10 11110000 11110000 0 0
0843.0 0100010000000000 10 10 10 10 0 0 0 0 11 11 11 11 10100000 10100000 0 0
0846.0 0000000000010000 10 10 10 10 0 0 0 0 10 10 10 10 00000001 00000001 0 0
0849.0 0000000000010000 10 10 10 10 0 0 0 0 11 11 11 11 00000100 00000100 0 0
0852.0 0001000000010000 10 10 10 10 0 0 0 0 10 10 10 10 00010001 00010001 0 0
0855.0 0001000000010000 10 10 10 10 0 0 0 0 11 11 11 11 01000100 01000100 0 0
0858.0 0100000000010000 10 10 10 10 0 0 0 0 10 10 10 10 11000001 11000001 0 0
0861.0 0100000000010000 10 10 10 10 0 0 0 0 11 11 11 11 10000100 10000100 0 0
0864.0 0000000100010000 10 10 10 10 0 0 0 0 10 10 10 10 00000101 00000101 0 0
0867.0 0000000100010000 10 10 10 10 0 0 0 0 11 11 11 11 00010100 00010100 0 0
0870.0 0001000100010000 10 10 10 10 0 0 0 0 10 10 10 10 00010101 00010101 0 0
0873.0 0001000100010000 10 10 10 10 0 0 0 0 11 11 11 11 01010100 01010100 0 0
0876.0 0100000100010000 10 10 10 10 0 0 0 0 10 10 10 10 11000101 11000101 0 0
0879.0 0100000100010000 10 10 10 10 0 0 0 0 11 11 11 11 10010100 10010100 0 0
0882.0 0000010000010000 10 10 10 10 0 0 0 0 10 10 10 10 00110001 00110001 0 0
0885.0 0000010000010000 10 10 10 10 0 0 0 0 11 11 11 11 00100100 00100100 0 0
0888.0 0001010000010000 10 10 10 10 0 0 0 0 10 10 10 10 00100101 00100101 0 0
0891.0 0001010000010000 10 10 10 10 0 0 0 0 11 11 11 11 01110100 01110100 0 0
0894.0 0100010000010000 10 10 10 10 0 0 0 0 10 10 10 10 11110001 11110001 0 0
0897.0 0100010000010000 10 10 10 10 0 0 0 0 11 11 11 11 10100100 10100100 0 0
0900.0 0000000001000000 10 10 10 10 0 0 0 0 10 10 10 10 00001100 00001100 0 0
0903.0 0000000001000000 10 10 10 10 0 0 0 0 11 11 11 11 00001000 00001000 0 0
0906.0 0001000001000000 10 10 10 10 0 0 0 0 10 10 10 10 00011100 00011100 0 0
0909.0 0001000001000000 10 10 10 10 0 0 0 0 11 11 11 11 01001000 01001000 0 0
0912.0 0100000001000000 10 10 10 10 0 0 0 0 10 10 10 10 11001100 11001100 0 0
0915.0 0100000001000000 10 10 10 10 0 0 0 0 11 11 11 11 10001000 10001000 0 0
0918.0 0000000101000000 10 10 10 10 0 0 0 0 10 10 10 10 00001001 00001001 0 0
0921.0 0000000101000000 10 10 10 10 0 0 0 0 11 11 11 11 00011100 00011100 0 0
0924.0 0001000101000000 10 10 10 10 0 0 0 0 10 10 10 10 00011001 00011001 0 0
0927.0 0001000101000000 10 10 10 10 0 0 0 0 11 11 11 11 01011100 01011100 0 0
0930.0 0100000101000000 10 10 10 10 0 0 0 0 10 10 10 10 11001001 11001001 0 0
0933.0 0100000101000000 10 10 10 10 0 0 0 0 11 11 11 11 10011100 10011100 0 0
0936.0 0000010001000000 10 10 10 10 0 0 0 0 10 10 10 10 00111100 00111100 0 0
0939.0 0000010001000000 10 10 10 10 0 0 0 0 11 11 11 11 00101000 00101000 0 0
0942.0 0001010001000000 10 10 10 10 0 0 0 0 10 10 10 10 00101001 00101001 0 0
0945.0 0001010001000000 10 10 10 10 0 0 0 0 11 11 11 11 01111100 01111100 0 0
0948.0 0100010001000000 10 10 10 10 0 0 0 0 10 10 10 10 11111100 11111100 0 0
0951.0 0100010001000000 10 10 10 10 0 0 0 0 11 11 11 11 10101000 10101000 0 0
0954.0 0000000000000001 10 10 10 10 0 0 0 0 10 10 10 10 00000000 00000000 1 1
0957.0 0000000000000001 10 10 10 10 0 0 0 0 11 11 11 11 00000001 00000001 1 1
0960.0 0001000000000001 10 10 10 10 0 0 0 0 10 10 10 10 00010000 00010000 1 1
0963.0 0001000000000001 10 10 10 10 0 0 0 0 11 11 11 11 01000001 01000001 1 1
0966.0 0100000000000001 10 10 10 10 0 0 0 0 10 10 10 10 11000000 11000000 1 1
0969.0 0100000000000001 10 10 10 10 0 0 0 0 11 11 11 11 10000001 10000001 1 1
0972.0 0000000100000001 10 10 10 10 0 0 0 0 10 10 10 10 00000100 00000100 1 1
0975.0 0000000100000001 10 10 10 10 0 0 0 0 11 11 11 11 00010001 00010001 1 1
0978.0 0001000100000001 10 10 10 10 0 0 0 0 10 10 10 10 00010100 00010100 1 1
0981.0 0001000100000001 10 10 10 10 0 0 0 0 11 11 11 11 01010001 01010001 1 1
0984.0 0100000100000001 10 10 10 10 0 0 0 0 10 10 10 10 11000100 11000100 1 1
0987.0 0100000100000001 10 10 10 10 0 0 0 0 11 11 11 11 10010001 10010001 1 1
0990.0 0000010000000001 10 10 10 10 0 0 0 0 10 10 10 10 00110000 00110000 1 1
0993.0 0000010000000001 10 10 10 10 0 0 0 0 11 11 11 11 00100001 00100001 1 1
0996.0 0001010000000001 10 10 10 10 0 0 0 0 10 10 10 10 00100100 00100100 1 1
0999.0 0001010000000001 10 10 10 10 0 0 0 0 11 11 11 11 01110001 01110001 1 1
1002.0 0100010000000001 10 10 10 10 0 0 0 0 10 10 10 10 11110000 11110000 1 1
1005.0 0100010000000001 10 10 10 10 0 0 0 0 11 11 11 11 10100001 10100001 1 1
1008.0 0000000000010001 10 10 10 10 0 0 0 0 10 10 10 10 00000001 00000001 1 1
1011.0 0000000000010001 10 10 10 10 0 0 0 0 11 11 11 11 00000101 00000101 1 1
1014.0 0001000000010001 10 10 10 10 0 0 0 0 10 10 10 10 00010001 00010001 1 1
1017.0 0001000000010001 10 10 10 10 0 0 0 0 11 11 11 11 01000101 01000101 1 1
1020.0 0100000000010001 10 10 10 10 0 0 0 0 10 10 10 10 11000001 11000001 1 1
1023.0 0100000000010001 10 10 10 10 0 0 0 0 11 11 11 11 10000101 10000101 1 1
1026.0 0000000100010001 10 10 10 10 0 0 0 0 10 10 10 10 00000101 00000101 1 1
1029.0 0000000100010001 10 10 10 10 0 0 0 0 11 11 11 11 00010101 00010101 1 1
1032.0 0001000100010001 10 10 10 10 0 0 0 0 10 10 10 10 00010101 00010101 1 1
1035.0 0001000100010001 10 10 10 10 0 0 0 0 11 11 11 11 01010101 01010101 1 1
1038.0 0100000100010001 10 10 10 10 0 0 0 0 10 10 10 10 11000101 11000101 1 1
1041.0 0100000100010001 10 10 10 10 0 0 0 0 11 11 11 11 10010101 10010101 1 1
1044.0 0000010000010001 10 10 10 10 0 0 0 0 10 10 10 10 00110001 00110001 1 1
1047.0 0000010000010001 10 10 10 10 0 0 0 0 11 11 11 11 00100101 00100101 1 1
1050.0 0001010000010001 10 10 10 10 0 0 0 0 10 10 10 10 00100101 00100101 1 1
1053.0 0001010000010001 10 10 10 10 0 0 0 0 11 11 11 11 01110101 01110101 1 1
1056.0 0100010000010001 10 10 10 10 0 0 0 0 10 10 10 10 11110001 11110001 1 1
1059.0 0100010000010001 10 10 10 10 0 0 0 0 11 11 11 11 10100101 10100101 1 1
1062.0 0000000001000001 10 10 10 10 0 0 0 0 10 10 10 10 00001100 00001100 1 1
1065.0 0000000001000001 10 10 10 10 0 0 0 0 11 11 11 11 00001001 00001001 1 1
1068.0 0001000001000001 10 10 10 10 0 0 0 0 10 10 10 10 00011100 00011100 1 1
1071.0 0001000001000001 10 10 10 10 0 0 0 0 11 11 11 11 01001001 01001001 1 1
1074.0 0100000001000001 10 10 10 10 0 0 0 0 10 10 10 10 11001100 11001100 1 1
1077.0 0100000001000001 10 10 10 10 0 0 0 0 11 11 11 11 10001001 10001001 1 1
1080.0 0000000101000001 10 10 10 10 0 0 0 0 10 10 10 10 00001001 00001001 1 1
1083.0 0000000101000001 10 10 10 10 0 0 0 0 11 11 11 11 00011101 00011101 1 1
1086.0 0001000101000001 10 10 10 10 0 0 0 0 10 10 10 10 00011001 00011001 1 1
1089.0 0001000101000001 10 10 10 10 0 0 0 0 11 11 11 11 01011101 01011101 1 1
1092.0 0100000101000001 10 10 10 10 0 0 0 0 10 10 10 10 11001001 11001001 1 1
1095.0 0100000101000001 10 10 10 10 0 0 0 0 11 11 11 11 10011101 10011101 1 1
1098.0 0000010001000001 10 10 10 10 0 0 0 0 10 10 10 10 00111100 00111100 1 1
1101.0 0000010001000001 10 10 10 10 0 0 0 0 11 11 11 11 00101001 00101001 1 1
1104.0 0001010001000001 10 10 10 10 0 0 0 0 10 10 10 10 00101001 00101001 1 1
1107.0 0001010001000001 10 10 10 10 0 0 0 0 11 11 11 11 01111101 01111101 1 1
1110.0 0100010001000001 10 10 10 10 0 0 0 0 10 10 10 10 11111100 11111100 1 1
1113.0 0100010001000001 10 10 10 10 0 0 0 0 11 11 11 11 10101001 10101001 1 1
1116.0 0000000000000100 10 10 10 10 0 0 0 0 10 10 10 10 00000011 00000011 0 0
1119.0 0000000000000100 10 10 10 10 0 0 0 0 11 11 11 11 00000010 00000010 0 0
1122.0 0001000000000100 10 10 10 10 0 0 0 0 10 10 10 10 00010011 00010011 0 0
1125.0 0001000000000100 10 10 10 10 0 0 0 0 11 11 11 11 01000010 01000010 0 0
1128.0 0100000000000100 10 10 10 10 0 0 0 0 10 10 10 10 11000011 11000011 0 0
1131.0 0100000000000100 10 10 10 10 0 0 0 0 11 11 11 11 10000010 10000010 0 0
1134.0 0000000100000100 10 10 10 10 0 0 0 0 10 10 10 10 00000111 00000111 0 0
1137.0 0000000100000100 10 10 10 10 0 0 0 0 11 11 11 11 00010010 00010010 0 0
1140.0 0001000100000100 10 10 10 10 0 0 0 0 10 10 10 10 00010111 00010111 0 0
1143.0 0001000100000100 10 10 10 10 0 0 0 0 11 11 11 11 01010010 01010010 0 0
1146.0 0100000100000100 10 10 10 10 0 0 0 0 10 10 10 10 11000111 11000111 0 0
1149.0 0100000100000100 10 10 10 10 0 0 0 0 11 11 11 11 10010010 10010010 0 0
1152.0 0000010000000100 10 10 10 10 0 0 0 0 10 10 10 10 00110011 00110011 0 0
1155.0 0000010000000100 10 10 10 10 0 0 0 0 11 11 11 11 00100010 00100010 0 0
1158.0 0001010000000100 10 10 10 10 0 0 0 0 10 10 10 10 00100111 00100111 0 0
1161.0 0001010000000100 10 10 10 10 0 0 0 0 11 11 11 11 01110010 01110010 0 0
1164.0 0100010000000100 10 10 10 10 0 0 0 0 10 10 10 10 11110011 11110011 0 0
1167.0 0100010000000100 10 10 10 10 0 0 0 0 11 11 11 11 10100010 10100010 0 0
1170.0 0000000000010100 10 10 10 10 0 0 0 0 10 10 10 10 00000010 00000010 1 1
1173.0 0000000000010100 10 10 10 10 0 0 0 0 11 11 11 11 00000111 00000111 1 1
1176.0 0001000000010100 10 10 10 10 0 0 0 0 10 10 10 10 00010010 00010010 1 1
1179.0 0001000000010100 10 10 10 10 0 0 0 0 11 11 11 11 01000111 01000111 1 1
1182.0 0100000000010100 10 10 10 10 0 0 0 0 10 10 10 10 11000010 11000010 1 1
1185.0 0100000000010100 10 10 10 10 0 0 0 0 11 11 11 11 10000111 10000111 1 1
1188.0 0000000100010100 10 10 10 10 0 0 0 0 10 10 10 10 00000110 00000110 1 1
1191.0 0000000100010100 10 10 10 10 0 0 0 0 11 11 11 11 00010111 00010111 1 1
1194.0 0001000100010100 10 10 10 10 0 0 0 0 10 10 10 10 00010110 00010110 1 1
1197.0 0001000100010100 10 10 10 10 0 0 0 0 11 11 11 11 01010111 01010111 1 1
1200.0 0100000100010100 10 10 10 10 0 0 0 0 10 10 10 10 11000110 11000110 1 1
1203.0 0100000100010100 10 10 10 10 0 0 0 0 11 11 11 11 10010111 10010111 1 1
1206.0 0000010000010100 10 10 10 10 0 0 0 0 10 10 10 10 00110010 00110010 1 1
1209.0 0000010000010100 10 10 10 10 0 0 0 0 11 11 11 11 00100111 00100111 1 1
1212.0 0001010000010100 10 10 10 10 0 0 0 0 10 10 10 10 00100110 00100110 1 1
1215.0 0001010000010100 10 10 10 10 0 0 0 0 11 11 11 11 01110111 01110111 1 1
1218.0 0100010000010100 10 10 10 10 0 0 0 0 10 10 10 10 11110010 11110010 1 1
1221.0 0100010000010100 10 10 10 10 0 0 0 0 11 11 11 11 10100111 10100111 1 1
1224.0 0000000001000100 10 10 10 10 0 0 0 0 10 10 10 10 00001111 00001111 0 0
1227.0 0000000001000100 10 10 10 10 0 0 0 0 11 11 11 11 00001010 00001010 0 0
1230.0 0001000001000100 10 10 10 10 0 0 0 0 10 10 10 10 00011111 00011111 0 0
1233.0 0001000001000100 10 10 10 10 0 0 0 0 11 11 11 11 01001010 01001010 0 0
1236.0 0100000001000100 10 10 10 10 0 0 0 0 10 10 10 10 11001111 11001111 0 0
1239.0 0100000001000100 10 10 10 10 0 0 0 0 11 11 11 11 10001010 10001010 0 0
1242.0 0000000101000100 10 10 10 10 0 0 0 0 10 10 10 10 00001010 00001010 1 1
1245.0 0000000101000100 10 10 10 10 0 0 0 0 11 11 11 11 00011111 00011111 1 1
1248.0 0001000101000100 10 10 10 10 0 0 0 0 10 10 10 10 00011010 00011010 1 1
1251.0 0001000101000100 10 10 10 10 0 0 0 0 11 11 11 11 01011111 01011111 1 1
1254.0 0100000101000100 10 10 10 10 0 0 0 0 10 10 10 10 11001010 11001010 1 1
1257.0 0100000101000100 10 10 10 10 0 0 0 0 11 11 11 11 10011111 10011111 1 1
1260.0 0000010001000100 10 10 10 10 0 0 0 0 10 10 10 10 00111111 00111111 0 0
1263.0 0000010001000100 10 10 10 10 0 0 0 0 11 11 11 11 00101010 00101010 0 0
1266.0 0001010001000100 10 10 10 10 0 0 0 0 10 10 10 10 00101010 00101010 1 1
1269.0 0001010001000100 10 10 10 10 0 0 0 0 11 11 11 11 01111111 01111111 1 1
1272.0 0100010001000100 10 10 10 10 0 0 0 0 10 10 10 10 11111111 11111111 0 0
1275.0 0100010001000100 10 10 10 10 0 0 0 0 11 11 11 11 10101010 10101010 0 0
1278.0 0000000000000000 10 10 10 10 0 0 0 1 10 10 10 10 01000000 01000000 0 0
1281.0 0000000000000000 10 10 10 10 0 0 0 1 11 11 11 11 00000000 00000000 0 0
1284.0 0001000000000000 10 10 10 10 0 0 0 1 10 10 10 10 01010000 01010000 0 0
1287.0 0001000000000000 10 10 10 10 0 0 0 1 11 11 11 11 01000000 01000000 0 0
1290.0 0100000000000000 10 10 10 10 0 0 0 1 10 10 10 10 10010000 10010000 0 0
1293.0 0100000000000000 10 10 10 10 0 0 0 1 11 11 11 11 11000000 11000000 0 0
1296.0 0000000100000000 10 10 10 10 0 0 0 1 10 10 10 10 01000100 01000100 0 0
1299.0 0000000100000000 10 10 10 10 0 0 0 1 11 11 11 11 00010000 00010000 0 0
1302.0 0001000100000000 10 10 10 10 0 0 0 1 10 10 10 10 01010100 01010100 0 0
1305.0 0001000100000000 10 10 10 10 0 0 0 1 11 11 11 11 01010000 01010000 0 0
1308.0 0100000100000000 10 10 10 10 0 0 0 1 10 10 10 10 10010100 10010100 0 0
1311.0 0100000100000000 10 10 10 10 0 0 0 1 11 11 11 11 11010000 11010000 0 0
1314.0 0000010000000000 10 10 10 10 0 0 0 1 10 10 10 10 01110000 01110000 0 0
1317.0 0000010000000000 10 10 10 10 0 0 0 1 11 11 11 11 00100000 00100000 0 0
1320.0 0001010000000000 10 10 10 10 0 0 0 1 10 10 10 10 01100100 01100100 0 0
1323.0 0001010000000000 10 10 10 10 0 0 0 1 11 11 11 11 01110000 01110000 0 0
1326.0 0100010000000000 10 10 10 10 0 0 0 1 10 10 10 10 10100100 10100100 0 0
1329.0 0100010000000000 10 10 10 10 0 0 0 1 11 11 11 11 11110000 11110000 0 0
1332.0 0000000000010000 10 10 10 10 0 0 0 1 10 10 10 10 01000001 01000001 0 0
1335.0 0000000000010000 10 10 10 10 0 0 0 1 11 11 11 11 00000100 00000100 0 0
1338.0 0001000000010000 10 10 10 10 0 0 0 1 10 10 10 10 01010001 01010001 0 0
1341.0 0001000000010000 10 10 10 10 0 0 0 1 11 11 11 11 01000100 01000100 0 0
1344.0 0100000000010000 10 10 10 10 0 0 0 1 10 10 10 10 10010001 10010001 0 0
1347.0 0100000000010000 10 10 10 10 0 0 0 1 11 11 11 11 11000100 11000100 0 0
1350.0 0000000100010000 10 10 10 10 0 0 0 1 10 10 10 10 01000101 01000101 0 0
1353.0 0000000100010000 10 10 10 10 0 0 0 1 11 11 11 11 00010100 00010100 0 0
1356.0 0001000100010000 10 10 10 10 0 0 0 1 10 10 10 10 01010101 01010101 0 0
1359.0 0001000100010000 10 10 10 10 0 0 0 1 11 11 11 11 01010100 01010100 0 0
1362.0 0100000100010000 10 10 10 10 0 0 0 1 10 10 10 10 10010101 10010101 0 0
1365.0 0100000100010000 10 10 10 10 0 0 0 1 11 11 11 11 11010100 11010100 0 0
1368.0 0000010000010000 10 10 10 10 0 0 0 1 10 10 10 10 01110001 01110001 0 0
1371.0 0000010000010000 10 10 10 10 0 0 0 1 11 11 11 11 00100100 00100100 0 0
1374.0 0001010000010000 10 10 10 10 0 0 0 1 10 10 10 10 01100101 01100101 0 0
1377.0 0001010000010000 10 10 10 10 0 0 0 1 11 11 11 11 01110100 01110100 0 0
1380.0 0100010000010000 10 10 10 10 0 0 0 1 10 10 10 10 10100101 10100101 0 0
1383.0 0100010000010000 10 10 10 10 0 0 0 1 11 11 11 11 11110100 11110100 0 0
1386.0 0000000001000000 10 10 10 10 0 0 0 1 10 10 10 10 01001100 01001100 0 0
1389.0 0000000001000000 10 10 10 10 0 0 0 1 11 11 11 11 00001000 00001000 0 0
1392.0 0001000001000000 10 10 10 10 0 0 0 1 10 10 10 10 01011100 01011100 0 0
1395.0 0001000001000000 10 10 10 10 0 0 0 1 11 11 11 11 01001000 01001000 0 0
1398.0 0100000001000000 10 10 10 10 0 0 0 1 10 10 10 10 10011100 10011100 0 0
1401.0 0100000001000000 10 10 10 10 0 0 0 1 11 11 11 11 11001000 11001000 0 0
1404.0 0000000101000000 10 10 10 10 0 0 0 1 10 10 10 10 01001001 01001001 0 0
1407.0 0000000101000000 10 10 10 10 0 0 0 1 11 11 11 11 00011100 00011100 0 0
1410.0 0001000101000000 10 10 10 10 0 0 0 1 10 10 10 10 01011001 01011001 0 0
1413.0 0001000101000000 10 10 10 10 0 0 0 1 11 11 11 11 01011100 01011100 0 0
1416.0 0100000101000000 10 10 10 10 0 0 0 1 10 10 10 10 10011001 10011001 0 0
1419.0 0100000101000000 10 10 10 10 0 0 0 1 11 11 11 11 11011100 11011100 0 0
1422.0 0000010001000000 10 10 10 10 0 0 0 1 10 10 10 10 01111100 01111100 0 0
1425.0 0000010001000000 10 10 10 10 0 0 0 1 11 11 11 11 00101000 00101000 0 0
1428.0 0001010001000000 10 10 10 10 0 0 0 1 10 10 10 10 01101001 01101001 0 0
1431.0 0001010001000000 10 10 10 10 0 0 0 1 11 11 11 11 01111100 01111100 0 0
1434.0 0100010001000000 10 10 10 10 0 0 0 1 10 10 10 10 10101001 10101001 0 0
1437.0 0100010001000000 10 10 10 10 0 0 0 1 11 11 11 11 11111100 11111100 0 0
1440.0 0000000000000001 10 10 10 10 0 0 0 1 10 10 10 10 01000000 01000000 1 1
1443.0 0000000000000001 10 10 10 10 0 0 0 1 11 11 11 11 00000001 00000001 1 1
1446.0 0001000000000001 10 10 10 10 0 0 0 1 10 10 10 10 01010000 01010000 1 1
1449.0 0001000000000001 10 10 10 10 0 0 0 1 11 11 11 11 01000001 01000001 1 1
1452.0 0100000000000001 10 10 10 10 0 0 0 1 10 10 10 10 10010000 10010000 1 1
1455.0 0100000000000001 10 10 10 10 0 0 0 1 11 11 11 11 11000001 11000001 1 1
1458.0 0000000100000001 10 10 10 10 0 0 0 1 10 10 10 10 01000100 01000100 1 1
1461.0 0000000100000001 10 10 10 10 0 0 0 1 11 11 11 11 00010001 00010001 1 1
1464.0 0001000100000001 10 10 10 10 0 0 0 1 10 10 10 10 01010100 01010100 1 1
1467.0 0001000100000001 10 10 10 10 0 0 0 1 11 11 11 11 01010001 01010001 1 1
1470.0 0100000100000001 10 10 10 10 0 0 0 1 10 10 10 10 10010100 10010100 1 1
1473.0 0100000100000001 10 10 10 10 0 0 0 1 11 11 11 11 11010001 11010001 1 1
1476.0 0000010000000001 10 10 10 10 0 0 0 1 10 10 10 10 01110000 01110000 1 1
1479.0 0000010000000001 10 10 10 10 0 0 0 1 11 11 11 11 00100001 00100001 1 1
1482.0 0001010000000001 10 10 10 10 0 0 0 1 10 10 10 10 01100100 01100100 1 1
1485.0 0001010000000001 10 10 10 10 0 0 0 1 11 11 11 11 01110001 01110001 1 1
1488.0 0100010000000001 10 10 10 10 0 0 0 1 10 10 10 10 10100100 10100100 1 1
1491.0 0100010000000001 10 10 10 10 0 0 0 1 11 11 11 11 11110001 11110001 1 1
1494.0 0000000000010001 10 10 10 10 0 0 0 1 10 10 10 10 01000001 01000001 1 1
1497.0 0000000000010001 10 10 10 10 0 0 0 1 11 11 11 11 00000101 00000101 1 1
1500.0 0001000000010001 10 10 10 10 0 0 0 1 10 10 10 10 01010001 01010001 1 1
1503.0 0001000000010001 10 10 10 10 0 0 0 1 11 11 11 11 01000101 01000101 1 1
1506.0 0100000000010001 10 10 10 10 0 0 0 1 10 10 10 10 10010001 10010001 1 1
1509.0 0100000000010001 10 10 10 10 0 0 0 1 11 11 11 11 11000101 11000101 1 1
1512.0 0000000100010001 10 10 10 10 0 0 0 1 10 10 10 10 01000101 01000101 1 1
1515.0 0000000100010001 10 10 10 10 0 0 0 1 11 11 11 11 00010101 00010101 1 1
1518.0 0001000100010001 10 10 10 10 0 0 0 1 10 10 10 10 01010101 01010101 1 1
1521.0 0001000100010001 10 10 10 10 0 0 0 1 11 11 11 11 01010101 01010101 1 1
1524.0 0100000100010001 10 10 10 10 0 0 0 1 10 10 10 10 10010101 10010101 1 1
1527.0 0100000100010001 10 10 10 10 0 0 0 1 11 11 11 11 11010101 11010101 1 1
1530.0 0000010000010001 10 10 10 10 0 0 0 1 10 10 10 10 01110001 01110001 1 1
1533.0 0000010000010001 10 10 10 10 0 0 0 1 11 11 11 11 00100101 00100101 1 1
1536.0 0001010000010001 10 10 10 10 0 0 0 1 10 10 10 10 01100101 01100101 1 1
1539.0 0001010000010001 10 10 10 10 0 0 0 1 11 11 11 11 01110101 01110101 1 1
1542.0 0100010000010001 10 10 10 10 0 0 0 1 10 10 10 10 10100101 10100101 1 1
1545.0 0100010000010001 10 10 10 10 0 0 0 1 11 11 11 11 11110101 11110101 1 1
1548.0 0000000001000001 10 10 10 10 0 0 0 1 10 10 10 10 01001100 01001100 1 1
1551.0 0000000001000001 10 10 10 10 0 0 0 1 11 11 11 11 00001001 00001001 1 1
1554.0 0001000001000001 10 10 10 10 0 0 0 1 10 10 10 10 01011100 01011100 1 1
1557.0 0001000001000001 10 10 10 10 0 0 0 1 11 11 11 11 01001001 01001001 1 1
1560.0 0100000001000001 10 10 10 10 0 0 0 1 10 10 10 10 10011100 10011100 1 1
1563.0 0100000001000001 10 10 10 10 0 0 0 1 11 11 11 11 11001001 11001001 1 1
1566.0 0000000101000001 10 10 10 10 0 0 0 1 10 10 10 10 01001001 01001001 1 1
1569.0 0000000101000001 10 10 10 10 0 0 0 1 11 11 11 11 00011101 00011101 1 1
1572.0 0001000101000001 10 10 10 10 0 0 0 1 10 10 10 10 01011001 01011001 1 1
1575.0 0001000101000001 10 10 10 10 0 0 0 1 11 11 11 11 01011101 01011101 1 1
1578.0 0100000101000001 10 10 10 10 0 0 0 1 10 10 10 10 10011001 10011001 1 1
1581.0 0100000101000001 10 10 10 10 0 0 0 1 11 11 11 11 11011101 11011101 1 1
1584.0 0000010001000001 10 10 10 10 0 0 0 1 10 10 10 10 01111100 01111100 1 1
1587.0 0000010001000001 10 10 10 10 0 0 0 1 11 11 11 11 00101001 00101001 1 1
1590.0 0001010001000001 10 10 10 10 0 0 0 1 10 10 10 10 01101001 01101001 1 1
1593.0 0001010001000001 10 10 10 10 0 0 0 1 11 11 11 11 01111101 01111101 1 1
1596.0 0100010001000001 10 10 10 10 0 0 0 1 10 10 10 10 10101001 10101001 1 1
1599.0 0100010001000001 10 10 10 10 0 0 0 1 11 11 11 11 11111101 11111101 1 1
1602.0 0000000000000100 10 10 10 10 0 0 0 1 10 10 10 10 01000011 01000011 0 0
1605.0 0000000000000100 10 10 10 10 0 0 0 1 11 11 11 11 00000010 00000010 0 0
1608.0 0001000000000100 10 10 10 10 0 0 0 1 10 10 10 10 01010011 01010011 0 0
1611.0 0001000000000100 10 10 10 10 0 0 0 1 11 11 11 11 01000010 01000010 0 0
1614.0 0100000000000100 10 10 10 10 0 0 0 1 10 10 10 10 10010011 10010011 0 0
1617.0 0100000000000100 10 10 10 10 0 0 0 1 11 11 11 11 11000010 11000010 0 0
1620.0 0000000100000100 10 10 10 10 0 0 0 1 10 10 10 10 01000111 01000111 0 0
1623.0 0000000100000100 10 10 10 10 0 0 0 1 11 11 11 11 00010010 00010010 0 0
1626.0 0001000100000100 10 10 10 10 0 0 0 1 10 10 10 10 01010111 01010111 0 0
1629.0 0001000100000100 10 10 10 10 0 0 0 1 11 11 11 11 01010010 01010010 0 0
1632.0 0100000100000100 10 10 10 10 0 0 0 1 10 10 10 10 10010111 10010111 0 0
1635.0 0100000100000100 10 10 10 10 0 0 0 1 11 11 11 11 11010010 11010010 0 0
1638.0 0000010000000100 10 10 10 10 0 0 0 1 10 10 10 10 01110011 01110011 0 0
1641.0 0000010000000100 10 10 10 10 0 0 0 1 11 11 11 11 00100010 00100010 0 0
1644.0 0001010000000100 10 10 10 10 0 0 0 1 10 10 10 10 01100111 01100111 0 0
1647.0 0001010000000100 10 10 10 10 0 0 0 1 11 11 11 11 01110010 01110010 0 0
1650.0 0100010000000100 10 10 10 10 0 0 0 1 10 10 10 10 10100111 10100111 0 0
1653.0 0100010000000100 10 10 10 10 0 0 0 1 11 11 11 11 11110010 11110010 0 0
1656.0 0000000000010100 10 10 10 10 0 0 0 1 10 10 10 10 01000010 01000010 1 1
1659.0 0000000000010100 10 10 10 10 0 0 0 1 11 11 11 11 00000111 00000111 1 1
1662.0 0001000000010100 10 10 10 10 0 0 0 1 10 10 10 10 01010010 01010010 1 1
1665.0 0001000000010100 10 10 10 10 0 0 0 1 11 11 11 11 01000111 01000111 1 1
1668.0 0100000000010100 10 10 10 10 0 0 0 1 10 10 10 10 10010010 10010010 1 1
1671.0 0100000000010100 10 10 10 10 0 0 0 1 11 11 11 11 11000111 11000111 1 1
1674.0 0000000100010100 10 10 10 10 0 0 0 1 10 10 10 10 01000110 01000110 1 1
1677.0 0000000100010100 10 10 10 10 0 0 0 1 11 11 11 11 00010111 00010111 1 1
1680.0 0001000100010100 10 10 10 10 0 0 0 1 10 10 10 10 01010110 01010110 1 1
1683.0 0001000100010100 10 10 10 10 0 0 0 1 11 11 11 11 01010111 01010111 1 1
1686.0 0100000100010100 10 10 10 10 0 0 0 1 10 10 10 10 10010110 10010110 1 1
1689.0 0100000100010100 10 10 10 10 0 0 0 1 11 11 11 11 11010111 11010111 1 1
1692.0 0000010000010100 10 10 10 10 0 0 0 1 10 10 10 10 01110010 01110010 1 1
1695.0 0000010000010100 10 10 10 10 0 0 0 1 11 11 11 11 00100111 00100111 1 1
1698.0 0001010000010100 10 10 10 10 0 0 0 1 10 10 10 10 01100110 01100110 1 1
1701.0 0001010000010100 10 10 10 10 0 0 0 1 11 11 11 11 01110111 01110111 1 1
1704.0 0100010000010100 10 10 10 10 0 0 0 1 10 10 10 10 10100110 10100110 1 1
1707.0 0100010000010100 10 10 10 10 0 0 0 1 11 11 11 11 11110111 11110111 1 1
1710.0 0000000001000100 10 10 10 10 0 0 0 1 10 10 10 10 01001111 01001111 0 0
1713.0 0000000001000100 10 10 10 10 0 0 0 1 11 11 11 11 00001010 00001010 0 0
1716.0 0001000001000100 10 10 10 10 0 0 0 1 10 10 10 10 01011111 01011111 0 0
1719.0 0001000001000100 10 10 10 10 0 0 0 1 11 11 11 11 01001010 01001010 0 0
1722.0 0100000001000100 10 10 10 10 0 0 0 1 10 10 10 10 10011111 10011111 0 0
1725.0 0100000001000100 10 10 10 10 0 0 0 1 11 11 11 11 11001010 11001010 0 0
1728.0 0000000101000100 10 10 10 10 0 0 0 1 10 10 10 10 01001010 01001010 1 1
1731.0 0000000101000100 10 10 10 10 0 0 0 1 11 11 11 11 00011111 00011111 1 1
1734.0 0001000101000100 10 10 10 10 0 0 0 1 10 10 10 10 01011010 01011010 1 1
1737.0 0001000101000100 10 10 10 10 0 0 0 1 11 11 11 11 01011111 01011111 1 1
1740.0 0100000101000100 10 10 10 10 0 0 0 1 10 10 10 10 10011010 10011010 1 1
1743.0 0100000101000100 10 10 10 10 0 0 0 1 11 11 11 11 11011111 11011111 1 1
1746.0 0000010001000100 10 10 10 10 0 0 0 1 10 10 10 10 01111111 01111111 0 0
1749.0 0000010001000100 10 10 10 10 0 0 0 1 11 11 11 11 00101010 00101010 0 0
1752.0 0001010001000100 10 10 10 10 0 0 0 1 10 10 10 10 01101010 01101010 1 1
1755.0 0001010001000100 10 10 10 10 0 0 0 1 11 11 11 11 01111111 01111111 1 1
1758.0 0100010001000100 10 10 10 10 0 0 0 1 10 10 10 10 10101010 10101010 1 1
1761.0 0100010001000100 10 10 10 10 0 0 0 1 11 11 11 11 11111111 11111111 1 1
